-89.600000,0.599414,2.000000,5.028285,2.970425,2.986712,2.983753,
-89.400000,0.566842,1.095682,7.602152,1.293231,0.454066,-1.662573,
-87.900000,0.539228,-3.925007,6.019428,0.026916,0.142970,-2.943251,
-90.900000,0.546174,-2.098576,6.380192,1.085450,-0.257556,0.533315,
-93.200000,0.546174,-2.098576,6.380192,1.085450,-0.257556,3.000000,
-97.300000,0.596133,-6.000723,7.954232,-2.228469,0.311183,2.981639,
-53.200000,0.402547,-2.448302,5.047954,-2.210783,-0.998227,2.989725,
-96.200000,0.599900,-3.631822,5.030400,-0.674957,2.467247,2.993441,
-85.900000,0.597280,-1.982737,7.947726,2.999437,-1.618526,1.356862,
-97.900000,0.596133,-6.000723,7.954232,-2.120951,0.311183,2.981639,
-95.100000,0.594622,-6.052313,7.938176,-3.004565,-1.280707,2.990989,
-97.800000,0.595065,-6.013747,7.990599,0.637403,0.472713,-0.377035,
-98.000000,0.598475,-4.303142,5.223367,-2.676464,1.853900,2.984427,
-97.900000,0.595739,-4.820177,7.989077,-2.281228,-0.404222,2.990590,
-82.000000,0.598475,-4.303142,5.223367,-3.000000,1.853900,2.984427,
-97.800000,0.598593,-6.021773,6.760540,-3.005440,2.526639,2.995797,
-70.600000,0.597146,-6.042250,7.982998,-0.863075,2.497837,0.750074,
-81.500000,0.595439,-4.841337,5.378068,-3.023470,1.362184,2.998760,
-94.800000,0.596250,-6.051910,5.004514,-3.021830,2.978798,2.988495,
-95.400000,0.598475,-4.303142,5.223367,-2.676464,1.941988,2.984427,
-96.300000,0.594204,-6.041038,5.020676,-3.018343,2.983966,2.977140,
-94.200000,0.597682,-6.005366,7.977696,-3.024064,2.998167,2.984712,
-84.800000,0.596313,-4.217125,5.278371,-3.028166,2.703354,2.978886,
-87.300000,0.595082,-3.666998,5.031635,-3.018370,-2.257581,2.997080,
-98.000000,0.598475,-4.303142,5.000000,-2.676464,1.853900,2.984427,
-87.600000,0.594472,-5.015023,7.994666,-2.588287,0.575778,2.970493,
-88.200000,0.596077,-5.700231,7.851646,0.363662,-1.741782,2.933943,
-94.100000,0.595469,-4.159156,5.095912,-2.464106,1.937349,2.982126,
-97.700000,0.596514,-4.320280,7.949018,-2.009479,2.985855,2.977173,
-95.100000,0.598475,-4.303142,5.223367,-2.676464,1.853900,2.919309,
-96.800000,0.594797,-3.612454,7.963061,-1.699179,-0.692641,2.977900,
-79.200000,0.596176,-5.100359,5.045457,-2.308639,1.038217,1.456166,
-98.200000,0.598152,-4.360727,5.131627,-2.600521,1.266386,2.997366,
-96.700000,0.599207,-5.151475,7.995430,-2.305338,0.103175,2.993670,
-98.300000,0.598152,-4.360727,5.131627,-3.000000,1.266386,2.997366,
-84.800000,0.599866,-5.140529,7.987835,-2.889808,2.983627,2.975050,
-59.100000,0.596412,-4.395952,7.979344,-0.466611,2.581102,1.814115,
-97.700000,0.598182,-4.480007,5.152762,-3.012506,0.869342,2.986456,
-92.800000,0.598065,-4.740545,5.690574,-2.956734,-0.215998,2.998654,
-99.500000,0.598152,-4.360727,6.612344,-3.000000,1.266386,2.997366,
-87.900000,0.598511,-5.574460,6.809925,-3.007975,2.994582,2.997705,
-95.900000,0.597358,-6.002851,7.931154,0.198155,1.282246,2.102877,
-74.400000,0.598499,-4.408439,6.620798,-3.005812,1.107569,2.980087,
-97.100000,0.595566,-4.337437,7.991443,-2.997527,2.092401,2.971795,
-97.500000,0.598152,-4.360727,6.140734,-3.000000,1.266386,2.997366,
-88.200000,0.595945,-4.254987,6.657691,-1.634126,-0.896012,2.985876,
-88.600000,0.599709,-4.693841,7.693528,0.418169,-1.099737,0.702513,
-86.400000,0.595424,-4.312327,6.608891,-3.026349,1.198597,2.988814,
-85.600000,0.594594,-4.359499,7.947227,-2.670909,-1.622291,2.991175,
-94.100000,0.569229,-4.360727,6.612344,-3.000000,1.266386,2.997366,
-87.200000,0.596261,-5.797703,7.645658,-3.009167,0.419482,2.997259,
-97.900000,0.599420,-4.263888,6.859073,-0.495167,0.374943,0.558040,
-99.800000,0.596173,-4.413059,6.607424,-2.995518,1.423609,2.974042,
-71.700000,0.595513,-5.252052,7.407522,-2.194749,1.495623,2.972233,
-85.400000,0.596173,-4.413059,6.607424,-2.995518,1.423609,0.400403,
-70.200000,0.596219,-4.362052,6.741428,-2.934354,2.578555,2.966184,
-94.000000,0.597476,-4.057535,6.322983,-2.026093,2.262894,2.998500,
-98.400000,0.599221,-4.465956,6.606653,-2.979327,1.541768,2.986558,
-86.900000,0.598147,-5.083339,7.995768,-2.876579,0.254303,2.978962,
-98.000000,0.600000,-4.413059,6.607424,-2.995518,1.423609,2.974042,
-93.900000,0.596185,-5.038939,7.969733,-1.724207,-0.637021,2.968476,
-70.900000,0.598562,-4.469750,7.010138,-2.194466,0.558441,2.994765,
-81.600000,0.593383,-4.393442,6.607963,-2.997869,1.460105,2.992573,
-85.100000,0.596323,-4.619466,5.930515,-2.217195,1.457974,2.990858,
-97.600000,0.596173,-4.413059,6.607424,-2.995518,2.836725,2.974042,
-98.500000,0.596051,-6.011768,7.443261,-2.230582,2.617237,2.985718,
-91.700000,0.599923,-4.279142,7.252991,-1.522267,-0.240696,-1.953870,
-97.800000,0.595189,-4.360726,6.608088,-3.020466,1.383078,2.973851,
-84.900000,0.594901,-4.332404,6.615604,-2.640995,-1.374731,2.979123,
-99.600000,0.596173,-4.413059,5.579402,-2.995518,1.423609,2.974042,
-97.600000,0.596194,-4.400000,5.854793,-3.001260,2.970086,2.987618,
-90.100000,0.593331,-4.179711,6.156451,-2.342718,2.980294,2.998742,
-97.300000,0.597079,-4.450472,6.606433,-2.998336,1.436835,2.966618,
-87.500000,0.594639,-5.282700,7.968530,-2.290342,-2.087632,2.992783,
-96.400000,0.570034,-4.413059,6.607424,-2.995518,1.423609,2.974042,
-88.300000,0.595965,-6.007418,7.751005,-2.797153,0.903556,2.985145,
-86.700000,0.599872,-4.495588,7.101141,-1.982440,0.685364,2.749574,
-96.300000,0.596588,-4.415495,6.607854,-2.984786,1.433675,2.972638,
-95.900000,0.596644,-5.223379,6.763435,-2.788228,1.412110,2.977675,
-96.300000,0.596173,-4.413059,6.607424,-2.509069,1.423609,2.974042,
-94.700000,0.596294,-6.021121,6.849574,-2.880571,1.513336,2.977248,
-40.500000,0.596582,-4.517820,7.333609,0.177931,-0.269693,2.429950,
-96.300000,0.595526,-4.386653,6.608432,-2.993226,1.403947,2.980396,
-93.600000,0.596564,-3.700005,5.997836,-2.277134,0.208212,2.978953,
-99.400000,0.596173,-4.413059,6.607424,-3.000000,1.423609,2.974042,
-80.900000,0.596182,-3.373628,7.424270,-2.003255,2.545537,2.970677,
-97.100000,0.598201,-4.128401,6.548705,-3.018321,1.442750,-0.598217,
-98.300000,0.595546,-4.460234,6.607789,-3.005699,1.449509,2.968577,
-90.800000,0.594539,-4.661994,7.988844,-2.779539,0.009926,2.973581,
-94.600000,0.596173,-4.413059,6.607424,-2.995518,1.423609,3.000000,
-96.900000,0.595871,-4.371126,7.366135,-2.749285,2.374493,2.988185,
-97.400000,0.597471,-4.183739,6.853739,-0.509732,-0.135694,-0.380461,
-88.000000,0.596400,-4.383397,6.607118,-2.981860,1.409266,2.977251,
-94.200000,0.596672,-5.125431,7.976479,-2.737798,1.848402,2.985256,
-98.200000,0.596173,-4.733593,6.607424,-2.995518,1.423609,2.974042,
-79.100000,0.596253,-6.005276,7.421204,-2.739202,0.904198,2.976244,
-97.400000,0.597191,-4.700494,6.560249,0.283751,0.789600,2.772281,
-83.000000,0.596188,-4.368038,6.607453,-2.994036,1.420960,2.974165,
-93.500000,0.595653,-3.635600,5.735616,-2.316678,-2.169216,2.983020,
-81.500000,0.596173,-4.413059,6.607424,-2.995518,2.924804,2.974042,
-98.000000,0.595996,-4.927029,7.174368,-2.680774,1.586265,2.980098,
-82.700000,0.597368,-3.763162,6.514387,-2.651733,0.743303,0.570291,
-98.000000,0.596082,-4.442167,6.607509,-3.016215,1.428077,2.972553,
-96.200000,0.596170,-5.517754,5.565005,-3.017509,-0.554703,2.979647,
-89.000000,0.553673,-4.413059,6.607424,-2.995518,1.423609,2.974042,
-84.000000,0.596319,-5.230361,6.784520,-2.735072,2.595078,2.975631,
-98.300000,0.596892,-5.028492,7.065371,-0.494738,0.789961,-0.182142,
-92.600000,0.596110,-4.442136,6.607472,-3.017168,1.418055,2.975378,
-95.000000,0.595809,-5.672403,7.416220,-2.774436,2.984168,2.994266,
-83.600000,0.596173,-2.696652,6.607424,-2.995518,1.423609,2.974042,
-74.300000,0.595678,-5.468543,7.257932,-2.435656,1.993956,2.974341,
-98.000000,0.596050,-5.447259,7.282220,-2.542819,0.903220,2.987088,
-97.600000,0.596254,-4.375075,6.607340,-2.967945,1.428112,2.972992,
-82.600000,0.596105,-4.407417,7.964943,-1.991700,-2.698297,2.976093,
-82.900000,0.596173,-4.413059,6.607424,-2.995518,1.423609,1.799696,
-97.100000,0.596291,-5.462402,6.747175,-2.238965,2.273166,2.991709,
-82.600000,0.597133,-3.709961,6.872004,-1.709424,1.335076,0.651247,
-98.000000,0.596206,-4.440851,6.607421,-2.976614,1.430631,2.973995,
-81.400000,0.596189,-4.121608,6.224496,-2.462398,1.573549,2.988865,
-95.300000,0.596173,-4.413059,6.607424,-2.995518,1.423609,0.910141,
-87.800000,0.596161,-3.923578,7.357632,-3.020100,2.508807,2.963647,
-88.100000,0.595854,-4.276503,6.750914,-1.227180,1.155849,1.299595,
-87.700000,0.596081,-4.454829,6.607462,-2.995016,1.420952,2.974551,
-96.700000,0.595844,-4.673642,7.942922,-2.768527,2.207010,2.978352,
-95.800000,0.600000,-4.413059,6.607424,-2.995518,1.423609,2.974042,
-98.500000,0.595958,-6.022677,6.355832,-3.007534,0.834275,2.989655,
-96.000000,0.596439,-5.568476,6.932533,-1.661214,0.973212,-0.628621,
-74.100000,0.596130,-4.374195,6.607389,-3.010390,1.421880,2.974316,
-97.100000,0.596179,-4.681308,7.933328,-2.383253,-2.021942,2.994419,
-91.500000,0.596173,-4.413059,5.439319,-2.995518,1.423609,2.974042,
-93.200000,0.595911,-6.059857,5.994509,-3.028305,0.494200,2.995639,
-98.100000,0.596409,-4.314267,6.926381,-2.080984,1.373283,2.985930,
-97.800000,0.596287,-4.384617,6.607410,-2.983283,1.426352,2.973749,
-71.200000,0.596143,-4.760107,7.467190,-3.004623,-0.256184,2.989619,
-96.700000,0.596173,-3.404093,6.607424,-2.995518,1.423609,2.974042,
-85.600000,0.596208,-3.939769,7.123037,-3.015167,1.030961,2.963368,
-98.200000,0.596906,-4.080672,6.988201,-1.720119,1.223825,2.990603,
-97.500000,0.596021,-4.436145,6.607442,-2.996739,1.423432,2.974146,
-96.000000,0.595972,-4.840472,7.276629,-2.990642,2.985309,2.981235,
-98.000000,0.600000,-4.413059,6.607424,-2.995518,1.423609,2.974042,
-97.900000,0.595908,-6.002522,6.028436,-2.994577,1.774680,2.965717,
-81.800000,0.596808,-4.204837,6.732492,-0.201723,1.015020,-2.265098,
-96.700000,0.596263,-4.391169,6.607428,-2.997715,1.422640,2.974059,
-97.600000,0.596148,-4.380544,7.172577,-2.677664,-0.515582,2.993102,
-98.500000,0.596173,-4.413059,6.607424,-2.995518,-1.348429,2.974042,
-98.500000,0.596225,-5.990039,6.027839,-2.993596,1.621771,2.985931,
-94.300000,0.595998,-5.881908,6.983950,-1.512210,0.835989,-2.464667,
-98.300000,0.596154,-4.395506,6.607413,-2.994024,1.423076,2.973988,
-89.900000,0.595580,-4.993130,7.423426,-1.878738,1.587551,2.990092,
-95.900000,0.596173,-4.413059,5.000000,-2.995518,1.423609,2.974042,
-96.000000,0.596323,-5.353727,6.263634,-2.996548,1.217567,2.986244,
-97.300000,0.596793,-3.892069,6.622910,-1.742841,1.354638,2.987312,
-86.800000,0.596164,-4.424774,6.607433,-2.995076,1.423829,2.974151,
-99.200000,0.595947,-4.013649,7.643172,-3.006108,1.978548,2.959453,
-81.700000,0.596173,-4.413059,6.607424,-1.935047,1.423609,2.974042,
-99.800000,0.596108,-4.935096,6.174697,-2.991485,1.308904,2.963939,
-98.800000,0.596638,-4.161654,6.735619,-1.252512,1.176643,2.975245,
-74.200000,0.596200,-4.410215,6.607424,-2.997011,1.423596,2.973957,
-81.900000,0.596207,-3.767358,6.117880,-3.007493,1.157433,2.963454,
-84.200000,0.596108,-4.935096,6.174697,-2.419255,1.308904,2.963939,
-87.700000,0.595985,-4.695210,6.123734,-2.988583,1.361243,2.951158,
-82.300000,0.596196,-5.035465,5.811978,-3.015000,1.098009,2.998832,
-81.800000,0.596082,-5.272058,6.489217,-2.993863,1.383916,2.962430,
-89.700000,0.595705,-6.005568,5.568465,-3.027096,2.353659,2.965481,
-87.700000,0.523179,-4.935096,6.174697,-2.991485,1.308904,2.963939,
-86.500000,0.595987,-5.427770,6.134665,-2.992661,1.227090,2.956062,
-98.100000,0.596764,-4.422684,7.797565,-3.014644,1.345396,2.975609,
-95.600000,0.596250,-4.735785,6.189747,-2.989410,1.349681,2.971241,
-92.800000,0.596204,-3.319824,7.976700,-3.002332,0.488717,2.956061,
-78.300000,0.479144,-4.935096,6.174697,-2.991485,1.308904,2.963939,
-82.800000,0.596057,-4.999995,6.222444,-2.992285,1.264469,2.988991,
-94.600000,0.596775,-3.627955,7.981077,-2.423932,1.477661,2.990075,
-83.300000,0.596267,-4.613221,6.542593,-2.996046,1.335253,2.978428,
-96.100000,0.596068,-3.528917,7.957624,-3.004891,2.973944,2.954559,
-86.800000,0.596108,-4.935096,6.174697,-2.991485,1.567914,2.963939,
-89.300000,0.596194,-4.483615,6.197814,-2.990579,1.421012,2.992899,
-89.800000,0.595924,-3.625892,6.665526,-0.903032,1.060132,2.998855,
-84.000000,0.595933,-4.781085,6.748904,-2.996227,1.410115,2.977078,
-97.600000,0.595958,-5.252743,6.219450,-3.002585,2.192352,2.968531,
-95.100000,0.596108,-4.935096,6.174697,-3.000000,1.308904,2.963939,
-90.500000,0.596091,-5.270763,6.152228,-2.992269,1.320924,2.929195,
-96.500000,0.597052,-4.630162,5.470749,-3.023895,1.127142,2.948545,
-98.500000,0.595986,-4.672074,6.217190,-2.993780,1.353507,2.961429,
-90.500000,0.596139,-3.705149,5.885564,-3.016528,0.513083,2.973822,
-88.500000,0.600000,-4.935096,6.174697,-2.991485,1.308904,2.963939,
-98.700000,0.596025,-4.988382,6.181863,-2.991919,1.213935,2.927601,
-84.600000,0.596297,-4.816500,5.026429,-3.015286,1.548508,2.961797,
-92.900000,0.596357,-4.440481,6.245080,-2.992937,1.437916,2.979376,
-84.000000,0.595842,-4.151366,6.422063,-3.013129,-0.255344,2.959890,
-94.400000,0.596108,-6.000000,6.174697,-2.991485,1.308904,2.963939,
-89.400000,0.596136,-4.747247,6.179396,-2.990807,1.380944,2.957487,
-96.800000,0.596374,-4.083003,7.969773,-0.665190,1.376025,2.991597,
-97.500000,0.596187,-5.001980,6.841050,-2.992713,1.277376,2.955067,
-86.600000,0.595973,-4.871110,7.989481,-2.997412,2.970734,2.957051,
-96.200000,0.596108,-4.098030,6.174697,-2.991485,1.308904,2.963939,
-97.100000,0.596126,-5.197187,6.169360,-2.991056,1.333368,2.986157,
-97.300000,0.596404,-3.959428,7.095715,-1.527701,0.905907,2.982139,
-75.800000,0.595955,-4.108676,6.074444,-2.993707,1.416245,2.982668,
-97.100000,0.596119,-3.481687,6.793374,-2.992864,2.982002,2.966793,
-99.000000,0.596108,-4.935096,6.174697,-2.991485,1.308904,3.000000,
-82.800000,0.596108,-5.294598,6.164893,-2.992248,1.247820,2.977324,
-98.200000,0.596406,-4.280944,5.857391,-3.005197,0.735823,2.958244,
-83.700000,0.596034,-3.976342,5.876768,-2.995866,1.346573,2.979059,
-98.200000,0.595957,-2.936735,6.238442,-2.998005,1.146702,2.962871,
-98.900000,0.596108,-4.935096,6.174697,-2.991485,1.308904,1.374312,
-97.100000,0.596092,-4.306516,6.184924,-2.992559,1.240732,2.920055,
-95.700000,0.596498,-5.143084,5.792888,-2.523899,1.527124,2.964955,
-91.900000,0.596394,-4.126590,7.008854,-2.995479,1.394114,2.956906,
-82.300000,0.596015,-6.006660,6.398179,-3.003699,0.666300,2.959626,
-83.900000,0.596108,-6.000000,6.174697,-2.991485,1.308904,2.963939,
-98.300000,0.596110,-5.725727,6.174449,-2.990638,1.313811,2.994609,
-98.100000,0.596156,-5.264282,7.989606,-2.811888,1.349702,2.988906,
-78.700000,0.596193,-4.957720,6.589485,-2.991983,1.364744,2.974635,
-80.600000,0.595945,-5.348494,6.756009,-3.027899,1.658968,2.964194,
-99.700000,0.596108,-4.935096,6.174697,-2.991485,1.308904,3.000000,
-85.500000,0.596121,-5.367764,6.167100,-2.990234,1.356827,2.993042,
-70.500000,0.596789,-3.172715,5.462233,-2.940088,0.967574,2.991240,
-98.400000,0.595877,-4.943285,5.949734,-2.995050,1.399510,2.973343,
-94.300000,0.595958,-2.574406,7.332541,-3.023060,2.955032,2.958591,
-96.900000,0.596108,-4.935096,5.831691,-2.991485,1.308904,2.963939,
-87.000000,0.596093,-4.077773,6.179216,-2.992958,1.261122,2.920227,
-87.300000,0.596517,-3.491176,5.940022,0.728624,1.168269,2.936293,
-77.100000,0.596302,-4.482544,6.274595,-2.995259,1.363771,2.967824,
-99.200000,0.595951,-4.956456,7.233722,-2.988996,0.693700,2.960503,
-97.400000,0.596108,-6.000000,6.174697,-2.991485,1.308904,2.963939,
-91.900000,0.596134,-5.114526,6.167857,-2.988583,1.349871,2.983615,
-99.000000,0.596432,-5.903321,7.570975,-3.026785,1.306223,2.964228,
-97.500000,0.596006,-4.981124,6.315726,-2.992446,1.302158,2.964998,
-94.800000,0.596186,-5.887592,5.640849,-2.975464,0.743555,2.963967,
-98.300000,0.596108,-4.935096,6.174697,-2.991485,1.308904,3.000000,
-83.600000,0.596090,-4.883755,6.171036,-2.991001,1.294808,2.970324,
-87.400000,0.595963,-5.843138,7.635847,-3.004930,1.363255,2.975330,
-97.800000,0.596040,-4.247961,6.589093,-2.996804,1.317105,2.971422,
-90.300000,0.596149,-4.476682,5.301080,-2.995869,0.806945,2.959290,
-98.100000,0.596108,-5.194676,6.174697,-2.991485,1.308904,2.963939,
-89.500000,0.596090,-4.805222,6.178996,-2.993398,1.303294,2.965479,
-97.800000,0.596695,-5.546202,5.327156,-3.027474,1.264945,2.958259,
-98.400000,0.596185,-4.981317,6.412226,-2.995831,1.523513,2.969009,
-97.500000,0.595955,-4.858336,6.895093,-2.993300,1.163417,2.959867,
-82.900000,0.596108,-0.085191,6.174697,-2.991485,1.308904,2.963939,
-97.300000,0.596134,-5.140983,6.175479,-2.988411,1.322248,2.961989,
-96.600000,0.596359,-5.677509,7.125129,-3.002825,1.319690,2.964275,
-91.700000,0.596189,-4.263935,6.430210,-2.992537,1.207980,2.969828,
-98.400000,0.595998,-5.222461,7.998513,-2.987490,1.027460,2.966866,
-97.900000,0.596108,-4.935096,7.847502,-2.991485,1.308904,2.963939,
-97.800000,0.596140,-5.061940,6.170857,-2.993156,1.307224,2.964971,
-88.200000,0.595896,-4.690119,7.763854,-3.025529,1.308196,2.967160,
-84.300000,0.596122,-4.303460,6.430000,-2.995349,1.189842,2.968288,
-90.500000,0.596012,-4.596958,6.594453,-2.989150,1.099313,2.960225,
-86.500000,0.596108,-4.360863,6.174697,-2.991485,1.308904,2.963939,
-81.200000,0.596084,-4.829544,6.174703,-2.992741,1.300912,2.964293,
-96.300000,0.596699,-6.043117,7.059277,-3.023457,1.296165,2.962592,
-97.700000,0.596140,-5.398587,6.258120,-2.995334,1.300200,2.975516,
-97.300000,0.596150,-5.297291,6.723952,-2.992963,0.815578,2.960127,
-98.600000,0.596108,-2.286533,6.174697,-2.991485,1.308904,2.963939,
-83.600000,0.596069,-4.757534,6.177748,-2.990539,1.304948,2.962752,
-86.500000,0.596640,-6.052664,6.732677,-3.012485,1.303596,2.961533,
-95.400000,0.596219,-4.658798,6.763074,-2.994511,1.649438,2.967192,
-78.500000,0.596087,-4.967355,6.819751,-2.991499,0.485002,2.965406,
-98.100000,0.596108,-4.935096,6.174697,-2.991485,0.775336,2.963939,
-95.500000,0.596192,-5.304525,6.170181,-2.991906,1.316327,2.963490,
-97.000000,0.596087,-5.683521,7.043974,-3.022688,1.312433,2.968852,
-98.500000,0.596177,-4.673094,6.337368,-2.995312,1.306789,2.962907,
-99.500000,0.595948,-4.799901,7.061588,-2.987052,1.463534,2.966671,
-92.100000,0.596108,-6.000000,6.174697,-2.991485,1.308904,2.963939,
-89.600000,0.596149,-4.864635,6.174931,-2.991692,1.306862,2.964686,
-96.800000,0.596070,-4.470357,6.927463,-3.028952,1.309939,2.965629,
-95.400000,0.596084,-4.939846,5.994255,-2.992164,1.220616,2.978401,
-83.400000,0.596079,-4.743551,6.742022,-2.990748,1.644242,2.963170,
-82.000000,0.596108,-4.935096,6.174697,-1.357541,1.308904,2.963939,
-88.700000,0.596054,-4.772848,6.176215,-2.991135,1.307778,2.963805,
-98.500000,0.596390,-4.900088,7.040496,-3.028571,1.304414,2.962738,
-97.700000,0.596098,-4.387170,5.982482,-2.993904,1.405319,2.977682,
-98.200000,0.595866,-5.033838,6.660220,-2.986116,1.295140,2.965906,
-88.600000,0.596108,-4.466131,6.174697,-2.991485,1.308904,2.963939,
-82.800000,0.596116,-5.250569,6.173087,-2.991561,1.308547,2.963731,
-95.800000,0.596406,-5.704670,7.182796,-3.010104,1.310495,2.964280,
-88.900000,0.596165,-4.546934,6.444540,-2.996629,1.462955,2.972662,
-88.500000,0.596232,-4.756885,6.766072,-2.994519,1.421086,2.966985,
-99.500000,0.596108,-4.935096,6.174697,-2.991485,0.270020,2.963939,
-98.100000,0.596144,-4.423532,6.174741,-2.991556,1.309720,2.963960,
-97.100000,0.596049,-5.782629,7.754680,-3.023476,1.303010,2.964884,
-83.500000,0.596171,-5.145935,6.393303,-2.991566,1.193834,2.966425,
-98.400000,0.595881,-4.854448,6.356617,-2.992982,1.565394,2.966988,
-82.400000,0.596108,-4.935096,6.174697,-2.991485,1.308904,3.000000,
-94.800000,0.596094,-5.517933,6.175780,-2.991439,1.309902,2.964065,
-96.400000,0.596536,-5.756647,5.572764,-3.021810,1.307701,2.962866,
-97.400000,0.596143,-4.863138,6.470719,-2.990151,1.172381,2.967922,
-99.200000,0.595938,-4.821921,6.660835,-2.985546,1.265335,2.962950,
-98.100000,0.596108,-4.935096,6.174697,-0.501069,1.308904,2.963939,
-93.500000,0.596081,-4.112809,6.174376,-2.991440,1.308037,2.963727,
-99.700000,0.596508,-4.850861,7.955900,-2.999036,1.308739,2.966478,
-94.400000,0.596138,-4.558135,6.439758,-2.998194,1.656631,2.967710,
-96.600000,0.596005,-4.861759,7.289943,-2.988550,1.178937,2.967353,
-97.600000,0.596108,-4.935096,6.174697,-2.991485,3.000000,2.963939,
-97.300000,0.596128,-4.813504,6.173453,-2.991557,1.307439,2.964001,
-86.100000,0.596043,-4.156963,7.960558,-2.973906,1.309742,2.968865,
-88.700000,0.596147,-4.540829,6.286977,-2.990291,1.396457,2.965964,
-98.200000,0.595987,-4.832021,7.484518,-2.993499,1.546795,2.968664,
-83.100000,0.596108,-4.935096,6.174697,-3.000000,1.308904,2.963939,
-94.900000,0.596107,-5.541374,6.174538,-2.991462,1.312012,2.964136,
-92.200000,0.596200,-4.583445,6.232244,-3.027816,1.310054,2.967345,
-92.100000,0.596162,-5.099368,6.540705,-2.997877,1.095105,2.981806,
-96.800000,0.596113,-4.753243,7.277395,-2.980701,1.448365,2.962526,
-95.700000,0.596108,-4.935096,6.174697,-3.000000,1.308904,2.963939,
-85.600000,0.596091,-4.270449,6.175633,-2.991427,1.308494,2.963997,
-96.500000,0.596730,-5.751613,5.267597,-2.961147,1.306958,2.963185,
-91.300000,0.596175,-4.892221,6.563448,-2.997035,1.089043,2.964419,
-99.400000,0.596144,-4.969639,6.684339,-2.983339,1.222101,2.968206,
-98.500000,0.596108,-4.935096,6.174697,-3.000000,1.308904,2.963939,
-99.600000,0.596089,-4.045470,6.174926,-2.991504,1.307521,2.963784,
-93.200000,0.596050,-5.856801,7.934537,-2.998757,1.309097,2.961178,
-83.700000,0.596181,-3.701075,6.439043,-2.989695,1.782243,2.956526,
-92.200000,0.595782,-5.002742,6.399191,-3.025073,1.384870,2.965815,
-98.100000,0.596108,-4.935096,6.526010,-2.991485,1.308904,2.963939,
-94.600000,0.596115,-4.812394,6.173875,-2.991496,1.310005,2.963975,
-96.100000,0.596814,-4.664500,7.928063,-3.010757,1.309926,2.965210,
-89.600000,0.596114,-3.365323,6.476839,-2.988120,1.165997,2.961459,
-98.900000,0.595741,-4.964068,6.580302,-2.981481,1.480063,2.963783,
-89.400000,0.596108,-4.935096,6.174697,-2.991485,3.000000,2.963939,
-97.600000,0.596117,-5.513265,6.175107,-2.991466,1.309044,2.964038,
-86.100000,0.596071,-4.456393,7.984562,-2.991007,1.309655,2.968408,
-78.200000,0.596164,-4.860581,6.688322,-3.006939,1.173949,2.978747,
-99.300000,0.596282,-4.647925,7.155950,-2.971691,1.317297,2.967529,
-81.500000,0.596108,-4.935096,6.174697,-2.991485,1.123219,2.963939,
-92.600000,0.596100,-4.345279,6.175322,-2.991487,1.307935,2.963985,
-99.800000,0.595778,-5.164864,5.483231,-2.978200,1.307235,2.967542,
-98.300000,0.596151,-5.722528,6.062632,-3.023776,1.690111,2.979756,
-89.900000,0.596339,-4.528845,6.784197,-3.029542,1.288603,2.966036,
-97.800000,0.595778,-5.164864,5.483231,-2.974488,1.307235,2.967542,
-98.000000,0.595868,-4.357844,5.966305,-2.977920,1.308238,2.963924,
-95.800000,0.595597,-5.601892,5.002074,-2.970300,1.305742,2.967008,
-81.700000,0.596135,-3.846852,6.451302,-2.991536,1.097692,2.961984,
-99.700000,0.595473,-5.819187,6.377449,-2.955705,1.628609,2.968391,
-96.300000,0.561365,-5.164864,5.483231,-2.978200,1.307235,2.967542,
-93.200000,0.595680,-5.838264,6.005694,-2.979815,1.308461,2.968955,
-93.800000,0.595750,-5.723572,5.076290,-2.971895,1.306237,2.967019,
-83.600000,0.595773,-3.284370,6.055898,-2.949732,1.455949,2.961636,
-94.700000,0.594735,-6.025992,5.528646,-2.923197,1.852355,2.969897,
-83.000000,0.595778,-6.000000,5.483231,-2.978200,1.307235,2.967542,
-99.300000,0.596334,-5.348931,5.647610,-2.991351,1.308767,2.968282,
-80.600000,0.595836,-4.640089,6.016834,-2.989086,1.308266,2.967756,
-93.600000,0.596522,-5.867756,5.357644,-2.985029,1.448032,2.968371,
-96.300000,0.595944,-5.507347,6.027316,-2.981686,0.709425,2.966302,
-93.500000,0.595778,-5.164864,5.483231,-2.978200,0.500367,2.967542,
-81.900000,0.596333,-4.241816,5.207157,-2.995457,1.307037,2.965157,
-92.300000,0.595752,-4.889705,5.423691,-2.973544,1.307730,2.967669,
-95.900000,0.596141,-6.042681,5.450128,-3.017494,1.277967,2.984007,
-97.900000,0.596096,-5.221509,6.180466,-2.987786,0.867267,2.964520,
-90.300000,0.595778,-5.164864,5.483231,-2.978200,1.307235,2.637297,
-87.800000,0.595576,-6.049223,6.596968,-2.981335,1.307194,2.963290,
-92.700000,0.595742,-5.580384,5.373393,-2.981670,1.306108,2.967422,
-85.900000,0.595371,-2.791638,7.509672,-2.974605,1.317247,2.968342,
-82.300000,0.595475,-5.304716,5.308995,-2.971552,1.704739,2.976019,
-98.400000,0.595778,-5.164864,5.000000,-2.978200,1.307235,2.967542,
-98.100000,0.596108,-4.495359,6.577503,-2.981667,1.308218,2.964009,
-97.700000,0.595791,-4.957281,5.788820,-2.972748,1.307947,2.967556,
-98.500000,0.596734,-5.975435,6.236119,-2.992735,1.338323,2.968602,
-97.700000,0.595600,-5.517821,6.486682,-2.941546,1.903432,2.972583,
-96.900000,0.595778,-5.164864,5.483231,-2.978200,1.307235,2.578875,
-90.200000,0.596288,-4.582995,5.168211,-2.983704,1.309657,2.965441,
-97.200000,0.595795,-5.231983,5.614920,-2.978333,1.306997,2.967598,
-90.500000,0.597190,-5.076602,5.089667,-2.980747,1.320350,2.972258,
-98.300000,0.595840,-5.386851,6.612870,-2.965234,1.349706,2.956007,
-95.400000,0.595778,-5.164864,5.483231,-2.978200,-2.448902,2.967542,
-97.800000,0.595779,-5.582232,6.578734,-2.997431,1.308618,2.965905,
-98.600000,0.595756,-5.174060,5.272003,-2.980189,1.306997,2.967522,
-91.800000,0.594314,-3.482012,7.373020,-3.001598,1.331617,2.967243,
-99.600000,0.595066,-5.220650,5.030044,-2.961231,1.640101,2.988616,
-97.400000,0.595778,-4.809957,5.483231,-2.978200,1.307235,2.967542,
-90.200000,0.595853,-5.468011,5.621237,-2.972228,1.308312,2.962996,
-93.300000,0.595813,-5.145634,5.824779,-2.979103,1.307479,2.967526,
-99.600000,0.598781,-4.798245,5.227144,-2.984134,1.459696,2.968782,
-97.600000,0.596048,-6.027791,7.306842,-2.967956,1.525294,2.985162,
-97.000000,0.589172,-5.164864,5.483231,-2.978200,1.307235,2.967542,
-94.900000,0.596284,-4.196024,5.378282,-2.999048,1.308201,2.967709,
-92.100000,0.595779,-5.180630,5.545300,-2.976516,1.307498,2.967568,
-97.400000,0.595489,-5.740588,5.178926,-2.972700,1.380686,2.973549,
-98.000000,0.595826,-5.948143,6.572766,-2.967201,1.147241,2.976472,
-98.400000,0.595778,-5.164864,6.268858,-2.978200,1.307235,2.967542,
-81.800000,0.595794,-5.482454,5.482938,-2.992792,1.308115,2.966979,
-97.400000,0.595763,-5.160226,5.365485,-2.978079,1.307119,2.967543,
-87.700000,0.594791,-5.479063,7.996789,-3.005186,1.384574,2.970805,
-97.400000,0.595391,-5.049051,5.000868,-2.970635,1.852311,2.959409,
-97.100000,0.595778,-5.164864,5.000000,-2.978200,1.307235,2.967542,
-97.500000,0.595775,-5.310648,6.221928,-2.986735,1.307844,2.964225,
-97.000000,0.595773,-5.161160,5.550548,-2.979015,1.307297,2.967529,
-99.200000,0.596478,-4.825400,7.443549,-2.972687,1.413460,2.972675,
-95.200000,0.595826,-5.217318,5.231039,-2.950875,1.641726,2.967427,
-82.500000,0.595778,-5.164864,5.483231,-2.978200,1.307235,3.000000,
-80.600000,0.596069,-4.628759,6.110283,-2.987458,1.308981,2.963726,
-92.700000,0.595793,-5.168553,5.478462,-2.978334,1.307215,2.967565,
-88.200000,0.596098,-4.326083,5.018020,-2.981252,1.308571,2.972957,
-96.700000,0.595435,-6.027404,6.426892,-2.991435,1.046861,2.972952,
-85.000000,0.595778,-5.164864,5.483231,-2.628957,1.307235,2.967542,
-82.900000,0.595736,-5.034269,5.187904,-2.986547,1.306774,2.964456,
-99.700000,0.595786,-5.165393,5.450810,-2.977599,1.307233,2.967537,
-98.500000,0.595988,-4.921272,6.476196,-3.028405,1.498904,2.972143,
-93.200000,0.595709,-5.536000,5.941337,-2.939595,1.743661,2.970244,
-98.900000,0.595778,-5.164864,5.483231,-3.000000,1.307235,2.967542,
-82.400000,0.596124,-5.092772,5.399760,-2.981848,1.308490,2.964484,
-88.700000,0.595774,-5.163388,5.549314,-2.978245,1.307245,2.967539,
-80.900000,0.595932,-4.658858,6.062131,-2.997458,1.523399,2.965791,
-97.400000,0.595414,-5.285245,5.503171,-2.971391,1.517842,2.963786,
-97.500000,0.600000,-5.164864,5.483231,-2.978200,1.307235,2.967542,
-87.000000,0.595869,-5.199706,5.772333,-2.976867,1.307411,2.968978,
-91.600000,0.595776,-5.168184,5.481612,-2.978383,1.307216,2.967547,
-72.900000,0.596011,-4.474588,6.868491,-2.971841,1.307499,2.968462,
-97.700000,0.595753,-6.018512,6.572296,-2.980264,1.408305,2.970821,
-98.400000,0.595778,-6.000000,5.483231,-2.978200,1.307235,2.967542,
-97.700000,0.595973,-5.219585,5.870676,-2.980646,1.309905,2.968099,
-83.300000,0.595779,-5.164349,5.441209,-2.978128,1.307225,2.967544,
-83.000000,0.596121,-4.422678,5.331520,-3.016937,1.177554,2.981101,
-88.800000,0.595916,-5.454260,5.812492,-2.953864,1.630015,2.969854,
-97.900000,0.595778,-5.164864,5.483231,-1.509679,1.307235,2.967542,
-98.300000,0.596039,-4.525238,6.203990,-2.986903,1.309272,2.958111,
-97.600000,0.595778,-5.164104,5.505365,-2.978105,1.307237,2.967540,
-97.000000,0.595844,-5.363389,6.846597,-2.984439,1.580397,2.962240,
-94.200000,0.595425,-5.299592,5.285864,-2.980438,1.376725,2.964854,
-95.900000,0.595778,-5.164864,5.483231,-2.978200,1.307235,2.178156,
-99.600000,0.596092,-5.880482,5.884010,-2.996733,1.305407,2.978895,
-88.300000,0.595777,-5.165895,5.522469,-2.978223,1.307238,2.967541,
-98.400000,0.596264,-5.463175,5.024457,-2.976646,1.208974,2.968320,
-46.271930,0.000000,
-0.886498,0.000000,
-5.472075,0.000000,
-6.303101,0.000000,
-5.245093,0.000000,
-5.000000,5.000000,
-4.500000,48.742234,
-5.500000,25.002643,
-7.000000,18.881460,
-4.500000,27.327125,
-5.500000,19.376465,
-5.500000,15.877427,
-4.500000,5.594064,
-5.500000,0.000000,
-5.500000,0.000000,
-4.500000,17.801669,
-5.000000,0.000000,
-4.500000,0.000000,
-7.000000,9.269851,
-5.000000,21.067845,
-6.500000,9.497103,
-4.500000,0.000000,
-4.500000,12.977791,
-5.500000,0.848243,
-5.000000,11.284897,
-5.000000,3.121817,
-5.000000,3.564628,
-6.500000,0.000000,
-5.000000,28.485080,
-6.000000,2.100668,
-3.000000,6.665195,
-5.000000,12.514551,
-5.500000,0.000000,
-6.500000,2.878487,
-5.000000,11.812196,
-4.500000,25.729975,
-7.500000,2.300208,
-5.000000,3.134396,
-4.000000,4.549668,
-100.000000,5.000000,
-100.000000,37.359210,
-100.000000,37.039096,
-100.000000,30.660468,
-100.000000,37.752196,
-100.000000,35.114687,
-100.000000,40.850771,
-100.000000,41.365336,
-100.000000,44.977610,
-100.000000,35.519920,
-100.000000,44.280355,
-100.000000,45.000000,
-100.000000,44.745813,
-3.500000,5.000000,
-5.000000,5.124082,
-5.000000,18.092187,
-5.000000,41.328319,
-6.500000,10.076163,
-4.500000,0.000000,
-5.000000,19.044283,
-7.500000,5.000000,
-76.500000,21.789864,
-7.000000,5.000000,5.000000,
-51.000000,17.529860,22.001343,
-5.500000,30.049935,5.149864,
-47.000000,17.529860,34.993660,
-20.000000,11.527823,17.530556,
-33.000000,14.789325,20.173647,
-56.000000,32.857803,18.172631,
-60.500000,32.778859,18.172631,
-65.000000,20.559240,28.810315,
-42.500000,16.894993,19.290612,
-100.000000,35.305259,29.889966,
-55.500000,18.663414,29.889966,
-100.000000,44.826225,39.779185,
-74.500000,44.813866,21.699098,
-100.000000,37.578408,40.432727,
-100.000000,37.578408,45.000000,
-100.000000,44.602043,44.583616,
-100.000000,44.934122,44.565743,
-100.000000,38.850832,44.914754,
-100.000000,38.850832,41.100019,
-100.000000,44.998813,44.752026,
-100.000000,44.652663,44.647838,
-100.000000,39.995706,44.949359,
-100.000000,45.000000,44.949359,
-100.000000,44.655218,44.710697,
-100.000000,44.754649,44.945575,
-100.000000,41.025815,44.820547,
-100.000000,36.486529,44.820547,
-100.000000,44.633151,44.802085,
-100.000000,40.783245,44.682345,
-100.000000,41.952663,44.970456,
-100.000000,45.000000,44.970456,
-100.000000,44.990494,44.948234,
-100.000000,41.733550,44.937960,
-100.000000,42.323402,44.608316,
-100.000000,29.727664,44.608316,
-100.000000,44.792871,44.900965,
-100.000000,43.329472,44.571074,
-100.000000,42.471698,44.795132,
-100.000000,42.471698,45.000000,
-100.000000,42.336584,44.787660,
-100.000000,42.656217,44.664256,
-100.000000,42.592633,44.573425,
-100.000000,42.592633,36.190613,
-100.000000,41.797725,44.443644,
-100.000000,42.254421,44.574167,
-100.000000,42.641007,44.797782,
-100.000000,42.641007,31.835560,
-100.000000,42.709709,44.909286,
-100.000000,42.808063,44.732382,
-100.000000,42.684136,44.997812,
-100.000000,42.684136,45.000000,
-100.000000,43.362544,44.557771,
-100.000000,43.002677,44.864596,
-100.000000,42.717600,44.627126,
-100.000000,45.000000,44.627126,
-100.000000,42.588604,44.624901,
-100.000000,42.725822,44.582446,
-100.000000,42.744855,44.753534,
-100.000000,42.744855,45.000000,
-100.000000,42.163012,44.749431,
-100.000000,42.484743,44.610118,
-100.000000,42.769378,44.867270,
-100.000000,45.000000,44.867270,
-100.000000,42.644464,44.971447,
-100.000000,42.417393,44.873437,
-100.000000,42.791442,44.969605,
-100.000000,45.000000,44.969605,
-100.000000,43.089662,44.787961,
-100.000000,42.437939,44.635078,
-100.000000,42.809496,44.590312,
Fitness Function Value: -6.000000
Voltage Values: 16.4960034974, -93.0048360962, 
Geometry Parameters: 5.000000,5.000000,
********************Fitness Function Value: -32.000000
Voltage Values: -99.9887306179, -16.6071566911, 
Geometry Parameters: 14.876557,15.118433,
********************Fitness Function Value: -33.000000
Voltage Values: -88.5771283079, 199.198296195, 
Geometry Parameters: 34.179423,14.905342,
********************Fitness Function Value: -3.000000
Voltage Values: -178.995534505, -68.7754282894, 
Geometry Parameters: 5.000000,5.000000,
********************
Fitness Function Value: -72.500000
Voltage Values: -148.40619047, -132.133301935, 
Geometry Parameters: 21.919628,43.392260,
********************
Fitness Function Value: -6.500000
Voltage Values: -182.569644297, 104.041120801, 
Geometry Parameters: 38.732800,6.733445,
********************
Fitness Function Value: -78.000000
Voltage Values: 131.950025201, 89.8080744598, 
Geometry Parameters: 21.919628,33.441240,
********************
Fitness Function Value: -22.500000
Voltage Values: -200.323036756, 110.217707866, 
Geometry Parameters: 23.095254,11.781324,
********************
Fitness Function Value: -67.000000
Voltage Values: -45.7124086788, 167.020816101, 
Geometry Parameters: 20.596518,35.468944,
********************
Fitness Function Value: -100.000000
Voltage Values: 104.327639872, -39.4162901682, 
Geometry Parameters: 27.929531,34.101345,
********************
Fitness Function Value: -1.500000
Voltage Values: 142.516781073, -25.6676866813, 
Geometry Parameters: 2.359069,34.101345,
********************
Fitness Function Value: -41.000000
Voltage Values: 81.6261426116, 103.912652171, 
Geometry Parameters: 31.422562,15.181996,
********************
Fitness Function Value: -100.000000
Voltage Values: 122.806940324, -132.62533532, 
Geometry Parameters: 26.477282,34.996567,
********************
Fitness Function Value: -86.500000
Voltage Values: 168.810389668, 2.89773069234, 
Geometry Parameters: 23.608223,44.845769,
********************
Fitness Function Value: -100.000000
Voltage Values: -54.6408448153, 73.6328521669, 
Geometry Parameters: 36.072987,34.996567,
********************
Fitness Function Value: -100.000000
Voltage Values: -176.789758297, 35.4410145992, 
Geometry Parameters: 31.026873,44.784276,
********************
Fitness Function Value: -100.000000
Voltage Values: 126.140759153, 37.0470641731, 
Geometry Parameters: 28.829587,34.807616,
********************
Fitness Function Value: -90.000000
Voltage Values: 94.4789512229, 193.023277847, 
Geometry Parameters: 23.375145,29.255101,
********************
Fitness Function Value: -3.500000
Voltage Values: 21.3095947254, -125.806704691, 
Geometry Parameters: 28.829587,4.372285,
********************
Fitness Function Value: -100.000000
Voltage Values: -22.2099808458, 94.3727305374, 
Geometry Parameters: 28.524825,44.578685,
********************
Fitness Function Value: -100.000000
Voltage Values: -195.23527348, -6.92044288814, 
Geometry Parameters: 29.770509,34.732035,
********************
Fitness Function Value: -100.000000
Voltage Values: -64.4778036091, 66.3517676324, 
Geometry Parameters: 29.470792,29.980785,
********************
Fitness Function Value: -100.000000
Voltage Values: 109.977226613, 148.204867385, 
Geometry Parameters: 25.899139,29.980785,
********************
Fitness Function Value: -100.000000
Voltage Values: 198.095285506, 198.782040242, 
Geometry Parameters: 27.714061,44.613987,
********************
Fitness Function Value: -100.000000
Voltage Values: 39.4013833281, -109.015195422, 
Geometry Parameters: 30.310842,27.030820,
********************
Fitness Function Value: -100.000000
Voltage Values: 141.539414782, -8.73592232544, 
Geometry Parameters: 34.261264,30.551089,
********************
Fitness Function Value: -100.000000
Voltage Values: 101.90906966, 31.5459981335, 
Geometry Parameters: 36.776490,30.551089,
********************
Fitness Function Value: -93.500000
Voltage Values: 124.151128616, 27.8083036672, 
Geometry Parameters: 35.175037,24.669251,
********************
Fitness Function Value: -100.000000
Voltage Values: -53.6956727326, -166.124045375, 
Geometry Parameters: 37.047409,25.571445,
********************
Fitness Function Value: -100.000000
Voltage Values: 15.3747698626, 13.2417736964, 
Geometry Parameters: 36.177453,30.779210,
********************
Fitness Function Value: -100.000000
Voltage Values: 176.029754089, -28.0278021815, 
Geometry Parameters: 30.044627,30.779210,
********************
Fitness Function Value: -22.000000
Voltage Values: -200.297210274, -81.5755262964, 
Geometry Parameters: 28.404755,12.791957,
********************
Fitness Function Value: -100.000000
Voltage Values: -149.431191416, -6.47949891532, 
Geometry Parameters: 42.599400,28.052957,
********************
Fitness Function Value: -100.000000
Voltage Values: 196.072384518, -2.57799336219, 
Geometry Parameters: 37.901559,30.984464,
********************
Fitness Function Value: -100.000000
Voltage Values: 19.3770847377, -76.7590180697, 
Geometry Parameters: 45.000000,30.984464,
********************
Fitness Function Value: -100.000000
Voltage Values: -142.407921836, -191.284817479, 
Geometry Parameters: 31.715813,28.960332,
********************
Fitness Function Value: -100.000000
Voltage Values: 130.568818665, 115.273552891, 
Geometry Parameters: 37.420792,33.501447,
********************
Fitness Function Value: -100.000000
Voltage Values: -7.81732443478, 82.2961266972, 
Geometry Parameters: 38.591201,31.066566,
********************
Fitness Function Value: -100.000000
Voltage Values: 195.24180047, 172.134736725, 
Geometry Parameters: 38.591201,39.606988,
********************
Fitness Function Value: -100.000000
Voltage Values: 170.921571681, 94.7291928739, 
Geometry Parameters: 40.146907,37.709205,
********************
Fitness Function Value: -100.000000
Voltage Values: 77.3091597042, -134.622385889, 
Geometry Parameters: 37.509535,32.345869,
********************
Fitness Function Value: -100.000000
Voltage Values: 188.527427668, 157.206442938, 
Geometry Parameters: 38.867058,31.099407,
********************
Fitness Function Value: -0.000000
Voltage Values: -94.409908258, -139.488499257, 
Geometry Parameters: 38.867058,0.000000,
********************
Fitness Function Value: -100.000000
Voltage Values: -42.7549223337, -25.3867411011, 
Geometry Parameters: 44.337058,41.875153,
********************
Fitness Function Value: -100.000000
Voltage Values: 80.3351223605, -19.5227454426, 
Geometry Parameters: 39.048120,30.224159,
********************
Fitness Function Value: -100.000000
Voltage Values: -87.1906358901, -55.2894500575, 
Geometry Parameters: 39.024254,31.118121,
********************
Fitness Function Value: -49.500000
Voltage Values: 104.612317385, 59.4621241175, 
Geometry Parameters: 17.912849,31.118121,
********************
Fitness Function Value: -100.000000
Voltage Values: -100.555689333, -140.723889081, 
Geometry Parameters: 43.580094,39.238631,
********************
Fitness Function Value: -100.000000
Voltage Values: -59.8937983144, 14.6645693221, 
Geometry Parameters: 39.656801,29.590366,
********************
Fitness Function Value: -100.000000
Voltage Values: 11.1771082581, -53.8280953033, 
Geometry Parameters: 39.087132,31.125606,
********************
Fitness Function Value: -100.000000
Voltage Values: 81.2788630986, 47.3381700489, 
Geometry Parameters: 30.096774,31.125606,
********************
Fitness Function Value: -100.000000
Voltage Values: 73.677048362, -194.83545221, 
Geometry Parameters: 38.691557,34.644268,
********************
Fitness Function Value: -100.000000
Voltage Values: 100.8592411, 159.646537964, 
Geometry Parameters: 39.778853,30.683954,
********************
Fitness Function Value: -100.000000
Voltage Values: -48.7978743835, 42.0009013479, 
Geometry Parameters: 39.112283,31.128601,
********************
Fitness Function Value: -79.000000
Voltage Values: 93.5524003939, 81.9965251221, 
Geometry Parameters: 39.112283,22.773224,
********************
Fitness Function Value: -100.000000
Voltage Values: -193.926297769, 184.456390565, 
Geometry Parameters: 37.248743,32.144833,
********************
Fitness Function Value: -100.000000
Voltage Values: 91.5764912177, -191.656019545, 
Geometry Parameters: 38.871240,31.647243,
********************
Fitness Function Value: -100.000000
Voltage Values: -1.38567717141, 17.2081517199, 
Geometry Parameters: 39.122344,31.129798,
********************
Fitness Function Value: -100.000000
Voltage Values: 141.722470931, 44.2007532743, 
Geometry Parameters: 39.122344,40.741880,
********************
Fitness Function Value: -100.000000
Voltage Values: 158.438768928, 114.082911574, 
Geometry Parameters: 38.536457,29.461115,
********************
Fitness Function Value: -100.000000
Voltage Values: -137.024835716, -158.906371608, 
Geometry Parameters: 38.299133,31.532177,
********************
Fitness Function Value: -100.000000
Voltage Values: -97.2538887511, -49.7355134821, 
Geometry Parameters: 39.129183,31.130612,
********************
Fitness Function Value: -51.000000
Voltage Values: 115.118607075, 75.4271523334, 
Geometry Parameters: 39.129183,17.661091,
********************
Fitness Function Value: -100.000000
Voltage Values: -153.93558431, 180.031630137, 
Geometry Parameters: 39.632978,30.225970,
********************
Fitness Function Value: -100.000000
Voltage Values: 4.59647181746, 22.4766991798, 
Geometry Parameters: 38.585479,31.177298,
********************
Fitness Function Value: -100.000000
Voltage Values: 97.0130301793, 199.057531988, 
Geometry Parameters: 39.131918,31.130938,
********************
Fitness Function Value: -100.000000
Voltage Values: -2.66596149131, -182.729297377, 
Geometry Parameters: 39.131918,31.018443,
********************
Fitness Function Value: -100.000000
Voltage Values: -74.6346497668, 43.3039403827, 
Geometry Parameters: 39.716079,30.568219,
********************
Fitness Function Value: -100.000000
Voltage Values: -137.440592717, -79.7644658613, 
Geometry Parameters: 38.850393,30.960328,
********************
Fitness Function Value: -100.000000
Voltage Values: -144.193876139, -148.028833236, 
Geometry Parameters: 39.133012,31.131068,
********************
Fitness Function Value: -100.000000
Voltage Values: 155.769587744, -171.270358053, 
Geometry Parameters: 39.133012,30.127111,
********************
Fitness Function Value: -100.000000
Voltage Values: -120.010474971, 39.3152825607, 
Geometry Parameters: 39.529752,31.775237,
********************
Fitness Function Value: -100.000000
Voltage Values: -184.646298453, -162.983389125, 
Geometry Parameters: 39.471515,31.073572,
********************
Fitness Function Value: -100.000000
Voltage Values: -195.378478349, 97.5516321102, 
Geometry Parameters: 39.133450,31.131121,
********************
Fitness Function Value: -46.500000
Voltage Values: 32.5229937338, 176.114924486, 
Geometry Parameters: 16.868897,31.131121,
********************
Fitness Function Value: -100.000000
Voltage Values: 137.271727501, -56.742467987, 
Geometry Parameters: 39.131661,31.455109,
********************
Fitness Function Value: -100.000000
Voltage Values: -7.30783995778, -131.494580755, 
Geometry Parameters: 39.248770,31.187067,
********************
Fitness Function Value: -100.000000
Voltage Values: -33.0317672661, -73.1307421357, 
Geometry Parameters: 39.133678,31.131148,
********************
Fitness Function Value: -100.000000
Voltage Values: -50.8087894633, -127.828924252, 
Geometry Parameters: 45.000000,31.131148,
********************
Fitness Function Value: -100.000000
Voltage Values: 97.2112909378, -99.1925230442, 
Geometry Parameters: 38.912185,31.163102,
********************
Fitness Function Value: -100.000000
Voltage Values: -6.85453127857, 10.0688055555, 
Geometry Parameters: 38.939816,31.155532,
********************
Fitness Function Value: -100.000000
Voltage Values: 14.7750949708, 80.7337418342, 
Geometry Parameters: 39.133806,31.131163,
********************
Fitness Function Value: -100.000000
Voltage Values: 186.872894343, -41.8916528688, 
Geometry Parameters: 29.077171,31.131163,
********************
Fitness Function Value: -100.000000
Voltage Values: 66.6559510074, -88.7358286171, 
Geometry Parameters: 39.155227,30.856278,
********************
Fitness Function Value: -100.000000
Voltage Values: -68.6575449652, -144.565879753, 
Geometry Parameters: 38.920411,31.086581,
********************
Fitness Function Value: -100.000000
Voltage Values: 16.6388166662, 193.851311198, 
Geometry Parameters: 39.133921,31.131177,
********************
Fitness Function Value: -80.500000
Voltage Values: 18.8049418225, -115.841480291, 
Geometry Parameters: 22.006305,31.131177,
********************
Fitness Function Value: -100.000000
Voltage Values: -17.885783361, 151.988125334, 
Geometry Parameters: 39.221286,31.017121,
********************
Fitness Function Value: -100.000000
Voltage Values: -75.6188978703, -175.082731668, 
Geometry Parameters: 39.236877,31.078064,
********************
Fitness Function Value: -100.000000
Voltage Values: 78.9138025594, -12.9844125253, 
Geometry Parameters: 39.133967,31.131182,
********************
Fitness Function Value: -100.000000
Voltage Values: -10.5422873925, 79.907030445, 
Geometry Parameters: 43.563553,31.131182,
********************
Fitness Function Value: -100.000000
Voltage Values: 185.072728358, -121.193323572, 
Geometry Parameters: 39.119519,31.352615,
********************
Fitness Function Value: -100.000000
Voltage Values: 148.473589451, -106.793788196, 
Geometry Parameters: 39.351615,31.118889,
********************
Fitness Function Value: -100.000000
Voltage Values: -126.538565744, 49.5316312884, 
Geometry Parameters: 39.134008,31.131187,
********************
Fitness Function Value: -22.500000
Voltage Values: -32.1983749758, -40.2338436069, 
Geometry Parameters: 39.134008,11.440634,
********************
Fitness Function Value: -100.000000
Voltage Values: -91.6780483514, -189.886622864, 
Geometry Parameters: 39.106413,31.189168,
********************
Fitness Function Value: -100.000000
Voltage Values: 12.4420429376, 111.015051265, 
Geometry Parameters: 39.083392,31.159481,
********************
Fitness Function Value: -100.000000
Voltage Values: 150.361100922, -134.574980225, 
Geometry Parameters: 39.134025,31.131189,
********************
Fitness Function Value: -39.500000
Voltage Values: 22.8367168323, -170.273922611, 
Geometry Parameters: 39.134025,15.718462,
********************
Fitness Function Value: -100.000000
Voltage Values: 104.206219356, -70.5968401733, 
Geometry Parameters: 39.144915,31.038422,
********************
Fitness Function Value: -100.000000
Voltage Values: 9.5826455409, -59.6204290558, 
Geometry Parameters: 38.923043,31.158353,
********************
Fitness Function Value: -100.000000
Voltage Values: 155.587439493, -78.6565546437, 
Geometry Parameters: 39.134040,31.131191,
********************
Fitness Function Value: -70.500000
Voltage Values: 75.1592612854, 46.0145770644, 
Geometry Parameters: 39.134040,20.166564,
********************
Fitness Function Value: -100.000000
Voltage Values: -199.081646566, -174.292123739, 
Geometry Parameters: 39.151427,30.982293,
********************
Fitness Function Value: -100.000000
Voltage Values: 153.080057182, 10.0661404324, 
Geometry Parameters: 39.300814,31.114194,
********************
Fitness Function Value: -100.000000
Voltage Values: 138.297990426, 197.436010435, 
Geometry Parameters: 39.134046,31.131191,
********************
Fitness Function Value: -100.000000
Voltage Values: -17.0254355933, 112.640059029, 
Geometry Parameters: 39.134046,36.424995,
********************
Fitness Function Value: -100.000000
Voltage Values: 199.501914743, 118.042952996, 
Geometry Parameters: 39.135422,31.231314,
********************
Fitness Function Value: -100.000000
Voltage Values: -130.72210522, 106.244346432, 
Geometry Parameters: 39.424541,31.118500,
********************
Fitness Function Value: -100.000000
Voltage Values: 138.240511576, 81.1303463431, 
Geometry Parameters: 39.134048,31.131192,
********************
Fitness Function Value: -100.000000
Voltage Values: 98.3450924838, 66.4864927276, 
Geometry Parameters: 45.000000,31.131192,
********************
Fitness Function Value: -100.000000
Voltage Values: -41.1404859698, 128.441912593, 
Geometry Parameters: 39.127990,31.122863,
********************
Fitness Function Value: -100.000000
Voltage Values: -24.3052149918, -156.026558103, 
Geometry Parameters: 39.396663,31.138131,
********************
Fitness Function Value: -100.000000
Voltage Values: 148.45751018, -126.213915886, 
Geometry Parameters: 39.134049,31.131192,
********************
Fitness Function Value: -100.000000
Voltage Values: -103.433488245, -95.0274514053, 
Geometry Parameters: 35.561604,31.131192,
********************
Fitness Function Value: -100.000000
Voltage Values: 108.143772524, -152.515714071, 
Geometry Parameters: 39.125685,31.090948,
********************
Fitness Function Value: -100.000000
Voltage Values: 159.362655862, -118.668293825, 
Geometry Parameters: 39.116044,31.134940,
********************
Fitness Function Value: -100.000000
Voltage Values: -123.869837886, 145.135178512, 
Geometry Parameters: 39.134049,31.131192,
********************
Fitness Function Value: -100.000000
Voltage Values: 55.8892890457, 179.167479485, 
Geometry Parameters: 36.520293,31.131192,
********************
Fitness Function Value: -100.000000
Voltage Values: 163.647004311, -172.941887361, 
Geometry Parameters: 39.134927,31.141386,
********************
Fitness Function Value: -100.000000
Voltage Values: -134.449501173, -21.1298445317, 
Geometry Parameters: 39.009486,31.126887,
********************
Fitness Function Value: -100.000000
Voltage Values: -161.999019872, 13.3508687213, 
Geometry Parameters: 39.134049,31.131192,
********************
Fitness Function Value: -48.500000
Voltage Values: -175.165544799, 36.208726269, 
Geometry Parameters: 17.803329,31.131192,
********************
Fitness Function Value: -100.000000
Voltage Values: -45.161412013, 123.577489787, 
Geometry Parameters: 39.137723,31.161278,
********************
Fitness Function Value: -100.000000
Voltage Values: 109.216503181, -90.7741918666, 
Geometry Parameters: 38.997012,31.124208,
********************
Fitness Function Value: -100.000000
Voltage Values: -29.183232222, 93.0124077181, 
Geometry Parameters: 39.134049,31.131192,
********************
Fitness Function Value: -64.000000
Voltage Values: -26.4095015676, -109.462192223, 
Geometry Parameters: 39.134049,19.659694,
********************
Fitness Function Value: -100.000000
Voltage Values: 83.7748112743, 44.7534322932, 
Geometry Parameters: 39.137483,31.141278,
********************
Fitness Function Value: -100.000000
Voltage Values: -89.429798873, -169.986136632, 
Geometry Parameters: 39.154097,31.137578,
********************
Fitness Function Value: -100.000000
Voltage Values: -173.164449893, 37.7200047561, 
Geometry Parameters: 39.134049,31.131192,
********************
Fitness Function Value: -92.500000
Voltage Values: 57.0779191987, -83.3725984878, 
Geometry Parameters: 39.134049,24.273259,
********************
Fitness Function Value: -100.000000
Voltage Values: -154.800937745, -53.6061333384, 
Geometry Parameters: 39.135773,31.126986,
********************
Fitness Function Value: -100.000000
Voltage Values: -29.7715561294, 144.924232786, 
Geometry Parameters: 39.264296,31.142172,
********************
Fitness Function Value: -100.000000
Voltage Values: 171.017696173, 70.4594822594, 
Geometry Parameters: 39.134049,31.131192,
********************
Fitness Function Value: -100.000000
Voltage Values: 176.836748772, 185.828772296, 
Geometry Parameters: 34.262735,31.131192,
********************
Fitness Function Value: -100.000000
Voltage Values: -109.344604463, 51.9817390717, 
Geometry Parameters: 39.134260,31.125643,
********************
Fitness Function Value: -100.000000
Voltage Values: -163.716922414, -169.997811061, 
Geometry Parameters: 39.122109,31.139979,
********************
Fitness Function Value: -100.000000
Voltage Values: -50.7757041115, 183.563853776, 
Geometry Parameters: 39.134049,31.131192,
********************
Fitness Function Value: -18.000000
Voltage Values: 198.06465196, 164.218242513, 
Geometry Parameters: 39.134049,9.602456,
********************
Fitness Function Value: -100.000000
Voltage Values: -115.128817517, -74.0364948578, 
Geometry Parameters: 39.133501,31.135241,
********************
Fitness Function Value: -100.000000
Voltage Values: 132.562534026, -63.2995572969, 
Geometry Parameters: 39.089630,31.128010,
********************
Fitness Function Value: -100.000000
Voltage Values: 6.80695002401, -7.20888395206, 
Geometry Parameters: 39.134049,31.131192,
********************
Fitness Function Value: -100.000000
Voltage Values: 115.765617872, -50.3739634052, 
Geometry Parameters: 38.704632,31.131192,
********************
Fitness Function Value: -100.000000
Voltage Values: -123.521518828, 165.320991298, 
Geometry Parameters: 39.133541,31.135177,
********************
Fitness Function Value: -100.000000
Voltage Values: -78.2066277162, 66.6964439501, 
Geometry Parameters: 39.103112,31.129085,
********************
Fitness Function Value: -100.000000
Voltage Values: 54.7034080128, 2.56830034456, 
Geometry Parameters: 39.134049,31.131192,
********************
Fitness Function Value: -100.000000
Voltage Values: 37.2750852071, -130.393304977, 
Geometry Parameters: 45.000000,31.131192,
********************
Fitness Function Value: -100.000000
Voltage Values: 26.9719195831, -27.0749280782, 
Geometry Parameters: 39.134019,31.132403,
********************
Fitness Function Value: -100.000000
Voltage Values: -65.3447754659, 180.901871402, 
Geometry Parameters: 39.141738,31.133761,
********************
Fitness Function Value: -100.000000
Voltage Values: -30.1860907786, -121.93812176, 
Geometry Parameters: 39.134049,31.131192,
********************
Fitness Function Value: -100.000000
Voltage Values: -198.389578627, -21.097533957, 
Geometry Parameters: 39.134049,45.000000,
********************
Fitness Function Value: -100.000000
Voltage Values: -16.3524457402, -159.213132843, 
Geometry Parameters: 39.134235,31.128658,
********************
Fitness Function Value: -100.000000
Voltage Values: -114.835587798, -164.228549918, 
Geometry Parameters: 39.159080,31.133160,
********************
Fitness Function Value: -100.000000
Voltage Values: 97.9623119155, -119.906438403, 
Geometry Parameters: 39.134049,31.131192,
********************
Fitness Function Value: -100.000000
Voltage Values: 24.1534084762, -139.078924506, 
Geometry Parameters: 32.159261,31.131192,
********************
Fitness Function Value: -100.000000
Voltage Values: -70.0120995896, -147.114186042, 
Geometry Parameters: 39.134105,31.131792,
********************
Fitness Function Value: -100.000000
Voltage Values: 140.522534275, 123.503977728, 
Geometry Parameters: 39.134626,31.130396,
********************
Fitness Function Value: -100.000000
Voltage Values: 60.9998590134, -90.0202621909, 
Geometry Parameters: 39.134049,31.131192,
********************
Fitness Function Value: -100.000000
Voltage Values: 174.778064495, 188.932630245, 
Geometry Parameters: 39.134049,41.620114,
********************
Fitness Function Value: -100.000000
Voltage Values: -25.3591534215, -62.5245564684, 
Geometry Parameters: 39.134049,31.132173,
********************
Fitness Function Value: -100.000000
Voltage Values: 133.307945803, -23.2059812708, 
Geometry Parameters: 39.123712,31.129444,
********************
Fitness Function Value: -100.000000
Voltage Values: -197.250326714, 113.569223252, 
Geometry Parameters: 39.134049,31.131192,
********************
Fitness Function Value: -100.000000
Voltage Values: -67.6203993645, -5.7842377014, 
Geometry Parameters: 39.134049,43.849492,
********************
Fitness Function Value: -100.000000
Voltage Values: -195.585871175, -114.578564285, 
Geometry Parameters: 39.134027,31.130363,
********************
Fitness Function Value: -100.000000
Voltage Values: -199.382582491, 157.378768986, 
Geometry Parameters: 39.140121,31.131564,
********************
Fitness Function Value: -100.000000
Voltage Values: 6.38971760145, -151.579487784, 
Geometry Parameters: 39.134049,31.131192,
********************
Fitness Function Value: -100.000000
Voltage Values: -36.2081639708, -120.422783645, 
Geometry Parameters: 37.358578,31.131192,
********************
Fitness Function Value: -100.000000
Voltage Values: 106.940568215, -112.472684757, 
Geometry Parameters: 39.134060,31.130798,
********************
Fitness Function Value: -100.000000
Voltage Values: -5.63270691617, 86.3071577361, 
Geometry Parameters: 39.138292,31.132293,
********************
Fitness Function Value: -100.000000
Voltage Values: 38.8747946495, -153.140007706, 
Geometry Parameters: 39.134049,31.131192,
********************
Fitness Function Value: -83.500000
Voltage Values: 3.29567487642, -17.3682053826, 
Geometry Parameters: 39.134049,22.694838,
********************
Fitness Function Value: -100.000000
Voltage Values: -136.985117434, -44.2700994532, 
Geometry Parameters: 39.134062,31.131060,
********************
Fitness Function Value: -100.000000
Voltage Values: 141.347062777, -163.015221422, 
Geometry Parameters: 39.133398,31.130894,
********************
Fitness Function Value: -100.000000
Voltage Values: -171.381225059, -163.057792499, 
Geometry Parameters: 39.134049,31.131192,
********************
Fitness Function Value: -100.000000
Voltage Values: 154.378210392, -34.5877095308, 
Geometry Parameters: 45.000000,31.131192,
********************
Fitness Function Value: -100.000000
Voltage Values: -3.26362639887, -184.292888843, 
Geometry Parameters: 39.134051,31.131206,
********************
Fitness Function Value: -100.000000
Voltage Values: 29.2515893762, 85.7875610046, 
Geometry Parameters: 39.131318,31.130748,
********************
Fitness Function Value: -100.000000
Voltage Values: -167.713009968, -137.092926178, 
Geometry Parameters: 39.134049,31.131192,
********************
Fitness Function Value: -100.000000
Voltage Values: 21.0080074424, 114.58638807, 
Geometry Parameters: 39.134049,37.989467,
********************
Fitness Function Value: -100.000000
Voltage Values: -21.701764571, -17.725930935, 
Geometry Parameters: 39.134046,31.131252,
********************
Fitness Function Value: -5.500000
Voltage Values: -152.256190689, 62.4752049741, 
Geometry Parameters: 5.000000,5.000000,
********************
Fitness Function Value: -5.000000
Voltage Values: 126.077690692, 161.702050083, 
Geometry Parameters: 5.263111,33.175533,
********************
Fitness Function Value: -36.500000
Voltage Values: -130.834634337, -183.752743269, 
Geometry Parameters: 14.768915,36.692560,
********************
Fitness Function Value: -8.000000
Voltage Values: -82.1328951943, -161.593812244, 
Geometry Parameters: 7.953422,36.692560,
********************
Fitness Function Value: -75.000000
Voltage Values: 76.3098561696, -198.232620262, 
Geometry Parameters: 21.952785,37.018029,
********************
Fitness Function Value: -100.000000
Voltage Values: -62.6613566863, -97.1735551398, 
Geometry Parameters: 25.788386,43.148797,
********************
Fitness Function Value: -45.000000
Voltage Values: -45.4449082577, -59.9693616558, 
Geometry Parameters: 16.607599,32.439885,
********************
Fitness Function Value: -100.000000
Voltage Values: 30.8282679019, 181.150963739, 
Geometry Parameters: 25.788386,26.385583,
********************
Fitness Function Value: -100.000000
Voltage Values: 78.1336753859, -110.031699456, 
Geometry Parameters: 37.313061,44.660519,
********************
Fitness Function Value: -100.000000
Voltage Values: 89.3799377741, -107.520803754, 
Geometry Parameters: 44.256161,44.730670,
********************
Fitness Function Value: -100.000000
Voltage Values: -101.822192729, 140.511849663, 
Geometry Parameters: 27.121977,44.653176,
********************
Fitness Function Value: -100.000000
Voltage Values: -189.26409159, -19.9304412474, 
Geometry Parameters: 27.121977,42.141877,
********************
Fitness Function Value: -100.000000
Voltage Values: 8.30215464135, 1.45821338764, 
Geometry Parameters: 37.621110,44.586435,
********************
Fitness Function Value: -100.000000
Voltage Values: 101.424408144, -193.458094979, 
Geometry Parameters: 44.815403,44.836972,
********************
Fitness Function Value: -100.000000
Voltage Values: 78.3067985401, -107.676182136, 
Geometry Parameters: 36.582368,44.812836,
********************
Fitness Function Value: -100.000000
Voltage Values: 166.206822703, -2.0316352488, 
Geometry Parameters: 36.582368,45.000000,
********************
Fitness Function Value: -100.000000
Voltage Values: 99.5105214984, -120.71182678, 
Geometry Parameters: 35.962412,44.575761,
********************
Fitness Function Value: -100.000000
Voltage Values: 54.0651409422, -52.3814655558, 
Geometry Parameters: 44.966436,44.558613,
********************
Fitness Function Value: -100.000000
Voltage Values: -197.074815681, -194.447189497, 
Geometry Parameters: 42.068839,44.831360,
********************
Fitness Function Value: -100.000000
Voltage Values: -190.0605741, 150.938557395, 
Geometry Parameters: 42.068839,45.000000,
********************

Fitness Function Value: -6.500000
Voltage Values: -5.18777507874, 155.539781427, 
Geometry Parameters: 0.000000,
********************
example.iob
Fitness Function Value: -6.500000
Voltage Values: -43.9435953547, -31.6127864404, 
Geometry Parameters: 0.000000,
********************
